"x" <- c(-1.254598811526375, 4.923809730765829, 3.153272751447384, 2.236584841970366, -1.7731469289089683, -1.3567214633046398, -1.9191638783180052, 6.5784281244160185, 4.344483450765422, 5.830725777960454, -0.6274883903753086, 9.282431854953277, 8.324426408004218, 2.5400577734494285, 2.65158300540434, 3.084045098534338, 4.709089096262044, 7.3308976496557126, 6.819450186421157, 5.828958068647086, 9.451862280557128, 5.144938606520419, 7.088113152018849, 8.24695176627025, 9.56069984217036)
"Y" <- c(-3.2756613953058777, 16.92332285602168, 10.487452015058592, 7.158586355880066, -6.082892793337858, -2.6112232592473585, -6.381619522327091, 23.653014381068854, 17.67007795730656, 16.32659252213914, 1.0347852097007202, 28.136244762388877, 25.653724834951976, 11.876139703274896, 3.665109598191889, 5.1234282926184225, 9.32945126318939, 25.318891404446518, 23.239918068761977, 21.18699568840945, 33.14177026399902, 18.426401461728492, 20.879133078585866, 27.546147061675306, 24.864843785200414)
"N" <- 25